1 40 0 15 10 10 10 
2 40 50 15 10 10 10 
3 40 100 15 10 10 10 
4 40 150 15 10 10 10 
5 40 200 15 10 10 10 
6 40 250 15 10 10 10 
7 40 300 15 10 10 10 
8 40 350 15 10 10 10 
9 40 400 15 10 10 10 
10 40 450 15 10 10 10 
11 40 500 15 10 10 10 
12 40 550 15 10 10 10 
13 40 600 15 10 10 10 
14 40 650 15 10 10 10 
15 40 700 15 10 10 10 
16 40 750 15 10 10 10 
17 40 800 15 10 10 10 
18 40 850 15 10 10 10 
19 40 900 15 10 10 10 
20 40 950 15 10 10 10 
21 40 1000 15 10 10 10 
22 40 1050 15 10 10 10 
23 40 1100 15 10 10 10 
24 40 1150 15 10 10 10 
25 40 1200 15 10 10 10 
26 40 1250 15 10 10 10 
27 40 1300 15 10 10 10 
28 40 1350 15 10 10 10 
29 40 1400 15 10 10 10 
30 40 1450 15 10 10 10 
31 40 1500 15 10 10 10 
32 40 1550 15 10 10 10 
33 40 1600 15 10 10 10 
34 40 1650 15 10 10 10 
35 40 1700 15 10 10 10 
36 40 1750 15 10 10 10 
37 40 1800 15 10 10 10 
38 40 1850 15 10 10 10 
39 40 1900 15 10 10 10 
40 40 1950 15 10 10 10 
41 40 2000 15 10 10 10 
42 40 2050 15 10 10 10 
43 40 2100 15 10 10 10 
44 40 2150 15 10 10 10 
45 40 2200 15 10 10 10 
46 40 2250 15 10 10 10 
47 40 2300 15 10 10 10 
48 40 2350 15 10 10 10 
49 40 2400 15 10 10 10 

